0;0.772034
1;1.28672
2;20.0637
3;2.57345
4;1.28672
5;1.80141
6;2.73595
7;13.8966
8;5.6999
9;9.34784
10;2.96395
11;0.772034
12;2.3161
13;12.5398
14;0.772034
15;19.3797
16;2.05197
17;0.772034
18;5.47191
19;1.36798
20;1.02938
21;6.43362
22;11.3998
23;1.80141
24;2.05876
25;9.11561
26;15.4407
27;3.60283
28;2.48608
29;8.49237
30;10.2938
31;4.10393
32;0.772034
33;3.87593
34;8.89185
35;2.73595
36;1.28672
37;0.772034
38;1.13998
39;1.80141
40;5.9279
41;5.47191
42;0.514689
43;12.3118
44;0.772034
45;7.06788
46;8.20786
47;5.91893
48;2.3161
49;6.83988
50;4.37486
51;2.83079
52;2.57345
53;0.772034
54;1.36798
55;2.50796
56;2.50796
57;0.514689
58;2.83079
59;3.64794
60;2.05876
61;1.80141
62;11.6278
63;15.2757
64;0.911985
65;22.3436
66;14.1358
67;3.41994
68;10.9802
69;18.0241
70;3.41994
71;2.3161
72;12.0952
73;2.96395
74;31.0075
75;3.34548
76;0.772034
77;3.86017
78;4.6322
79;7.29588
80;1.54407
81;36.0481
82;0.772034
83;3.08814
84;1.02938
85;5.9279
86;2.83079
87;1.13998
88;6.38389
89;2.96395
90;6.1559
91;40.1916
92;34.1994
93;1.02938
94;2.96395
95;4.6322
96;3.86017
97;23.6177
98;3.41994
99;10.8085
100;1.02938
101;4.88955
102;17.765
103;3.08814
104;8.74972
105;5.66158
106;9.00706
107;1.80141
108;1.54407
109;1.02938
110;3.64794
111;5.91893
112;2.73595
113;4.10393
114;0.772034
115;1.13998
116;7.06788
117;0.772034
118;33.4548
119;1.54407
120;6.83671
121;13.6798
122;1.28672
123;5.14689
124;7.97986
125;1.80141
126;2.05196
127;5.14689
128;42.6353
129;5.47191
130;9.7791
131;1.36798
132;5.66158
133;4.37486
134;4.88955
135;5.91893
136;5.6999
137;8.49237
138;5.47191
139;7.29588
140;2.3161
141;0.772034
142;1.28672
143;0.772034
144;13.8966
145;2.3161
146;1.28672
147;4.6322
148;1.28672
149;4.55992
150;1.54407
151;36.0234
152;2.3161
153;3.60283
154;2.05876
155;1.28672
156;7.52387
157;53.2435
158;4.6322
159;1.80141
160;1.80141
161;0.772034
162;3.64794
163;2.50796
164;2.05876
165;2.83079
166;8.20786
167;1.36798
168;1.28672
169;9.00706
170;2.3161
171;3.86017
172;0.772034
173;1.80141
174;3.31477
175;1.80141
176;2.57345
177;1.54407
178;8.66385
179;1.80141
180;13.9078
181;7.06788
182;12.9958
183;1.54407
184;10.9438
185;3.19195
186;16.8717
187;2.05876
188;2.3161
189;0.772034
190;1.82397
191;25.9916
192;1.80141
193;22.7996
194;6.61189
195;1.80141
196;20.0637
197;1.54407
198;3.08814
199;28.7275
200;4.33193
201;9.57584
202;1.28672
203;3.86017
204;1.36798
205;5.91893
206;2.3161
207;9.73713
208;1.28672
209;25.2751
210;2.57345
211;37.6194
212;2.83079
213;0.772034
214;1.28672
215;12.3525
216;4.78792
217;0.514689
218;5.6999
219;2.3161
220;1.36798
221;2.50796
222;2.05876
223;8.89185
224;0.772034
225;2.05876
226;6.1559
227;2.05876
228;1.28672
229;1.28672
230;1.80141
231;7.20565
232;3.08814
233;4.37486
234;1.28672
235;10.8085
236;2.57345
237;4.55992
238;1.28672
239;3.41994
240;0.772034
241;1.28672
242;2.05196
243;7.463
244;14.1358
245;3.08814
246;0.911985
247;0.772034
248;4.6322
249;16.781
250;0.772034
251;4.55992
252;0.257345
253;2.27996
254;5.9279
255;1.80141
256;0.772034
257;3.64794
258;2.05876
259;1.28672
260;3.86017
261;7.52387
262;6.1559
263;0.772034
264;4.78792
265;4.35063
266;0.772034
267;1.36798
268;1.82397
269;5.9279
270;10.1515
271;6.83988
272;3.08814
273;11.3998
274;0.772034
275;1.02938
276;0.683988
277;3.08814
278;1.28672
279;3.08814
280;0.772034
281;2.05876
282;4.11752
283;1.28672
284;1.02938
285;3.64794
286;11.6278
287;6.69096
288;0.772034
289;1.28672
290;6.61189
291;4.55992
292;0.772034
293;13.4662
294;1.80141
295;13.4518
296;1.28672
297;3.19195
298;1.59597
299;2.05876
300;1.02938
301;3.60283
302;14.926
303;3.08814
304;2.57345
305;0.772034
306;7.20565
307;4.6322
308;7.29588
309;0.772034
310;3.87593
311;4.37486
312;37.2911
313;1.28672
314;1.02938
315;3.19195
316;3.41994
317;3.08814
318;2.05876
319;1.02938
320;0.772034
321;2.05876
322;4.35063
323;0.772034
324;47.5643
325;1.28672
326;0.911985
327;48.1072
328;1.82397
329;0.514689
330;1.28672
331;1.80141
332;22.1316
333;2.96395
334;11.5805
335;18.0117
336;3.19195
337;2.50796
338;15.9597
339;0.911985
340;2.83079
341;2.83079
342;26.4476
343;0.514689
344;4.6322
345;0.772034
346;3.60283
347;8.28692
348;1.28672
349;5.01591
350;15.2757
351;1.02938
352;12.3525
353;0.911985
354;1.80141
355;2.50796
356;12.7984
357;20.9756
358;2.48608
359;6.38389
360;14.154
361;10.0318
362;34.8834
363;1.80141
364;4.11752
365;17.0997
366;3.34548
367;0.772034
368;6.61189
369;1.80141
370;9.7791
371;2.05876
372;0.772034
373;1.59597
374;2.05197
375;4.10393
376;4.10393
377;2.3161
378;0.911985
379;1.02938
380;2.3161
381;3.34548
382;11.6017
383;14.1358
384;1.82397
385;29.8675
386;1.54407
387;3.64794
388;4.11752
389;1.54407
390;7.75187
391;2.50796
392;6.83988
393;0.514689
394;3.64794
395;4.88955
396;4.11752
397;1.65738
398;0.772034
399;0.514689
400;11.5805
401;2.90042
402;1.28672
403;14.154
404;0.772034
405;28.7275
406;23.161
407;8.66385
408;0.772034
409;9.7791
410;0.514689
411;1.54407
412;0.772034
413;3.19195
414;38.8591
415;0.257345
416;1.02938
417;5.01591
418;10.773
419;3.19195
420;14.5918
421;3.64794
422;3.19195
423;1.82397
424;7.25106
425;18.0241
426;0.514689
427;7.72034
428;1.54407
429;0.514689
430;1.36798
431;0.772034
432;8.49237
433;2.57345
434;2.05876
435;3.60283
436;1.28672
437;20.7476
438;0.772034
439;1.86456
440;5.40424
441;1.02938
442;5.66158
443;68.7677
444;15.7317
445;10.2598
446;0.772034
447;2.05876
448;24.8516
449;6.17627
450;7.06788
451;11.5805
452;20.5876
453;2.57345
454;5.40424
455;3.08814
456;1.59597
457;3.08814
458;7.45823
459;0.772034
460;0.257345
461;1.28672
462;2.3161
463;8.74972
464;15.7317
465;6.69096
466;1.54407
467;4.11752
468;1.59597
469;0.772034
470;10.0364
471;0.514689
472;5.40424
473;1.80141
474;2.57345
475;6.61189
476;0.772034
477;1.59597
478;0.772034
479;3.86017
480;20.5197
481;7.97769
482;6.62954
483;1.54407
484;1.28672
485;4.37486
486;2.48608
487;3.86017
488;1.28672
489;3.82043
490;0.772034
491;0.772034
492;11.3998
493;1.02938
494;0.911985
495;6.17627
496;1.54407
497;12.3118
498;1.28672
499;5.14689
500;5.6999
501;2.73595
502;0.772034
503;8.20786
504;3.08814
505;11.1718
506;1.80141
507;1.28672
508;7.97986
509;1.54407
510;2.3161
511;2.57345
512;19.1517
513;0.772034
514;2.05197
515;3.19195
516;68.3988
517;9.57584
518;1.02938
519;4.6322
520;0.772034
521;7.20565
522;1.02938
523;1.28672
524;1.02938
525;1.54407
526;1.54407
527;3.19195
528;1.02938
529;8.43586
530;28.3079
531;1.02938
532;1.80141
533;0.772034
534;1.28672
535;18.6957
536;2.05876
537;3.86017
538;2.57345
539;5.3865
540;1.02938
541;5.9279
542;3.41994
543;5.40424
544;1.28672
545;2.3161
546;2.27996
547;3.87593
548;2.27996
549;0.772034
550;7.20565
551;7.06788
552;11.3945
553;1.13998
554;1.54407
555;0.514689
556;2.05876
557;2.83079
558;1.13998
559;1.02938
560;0.772034
561;3.60283
562;3.31477
563;1.28672
564;16.5738
565;1.28672
566;1.36798
567;0.772034
568;1.02938
569;9.57584
570;6.69096
571;7.97986
572;13.2238
573;1.02938
574;0.772034
575;3.72911
576;6.1559
577;0.514689
578;1.80141
579;1.82397
580;2.83079
581;11.8558
582;0.772034
583;12.5398
584;17.5557
585;0.772034
586;7.75187
587;0.772034
588;1.36798
589;1.82397
590;3.08814
591;3.41994
592;3.19195
593;0.772034
594;0.911985
595;3.86017
596;0.772034
597;9.57584
598;2.57345
599;0.514689
600;3.08814
601;2.05876
602;1.28672
603;7.06788
604;2.27996
605;2.83079
606;2.05876
607;3.52194
608;3.08814
609;1.02938
610;17.7568
611;2.96395
612;12.0838
613;19.2671
614;0.514689
615;5.24391
616;1.02938
617;5.40424
618;0.772034
619;3.41994
620;3.19195
621;11.5805
622;7.463
623;1.13998
624;0.772034
625;3.19195
626;5.9279
627;2.83079
628;2.3161
629;2.57345
630;0.772034
631;2.83079
632;4.88955
633;8.74972
634;1.28672
635;5.17933
636;1.54407
637;33.7434
638;4.10393
639;10.0364
640;2.05197
642;1.28672
643;4.10393
644;1.28672
645;0.772034
646;7.75187
647;1.02938
648;12.3118
649;5.24391
650;1.80141
651;2.96395
652;2.27996
653;0.772034
654;2.05876
655;8.49237
656;2.3161
657;2.83079
658;3.08814
659;4.88955
660;1.28672
661;2.05197
662;0.772034
663;2.3161
664;2.83079
665;1.13998
666;0.772034
667;3.1076
668;2.27996
669;1.28672
670;1.59597
671;4.37486
672;0.514689
673;3.34548
674;1.02938
675;3.64794
676;2.57345
677;2.83079
678;31.6534
679;1.59597
680;4.37486
681;36.7074
682;2.3161
683;21.8876
684;0.911985
685;11.0658
686;0.772034
687;4.55992
688;0.772034
689;22.3436
690;3.34548
691;0.514689
692;1.02938
693;1.02938
694;4.88955
695;5.40424
696;3.60283
697;1.28672
698;1.54407
699;1.80141
700;8.66385
701;4.37486
702;4.33193
703;2.50796
704;19.3797
705;7.97986
706;3.93629
707;1.36798
708;2.83079
709;6.38389
710;1.13998
711;3.08814
712;1.54407
713;12.5398
714;1.54407
715;2.05197
716;0.772034
717;2.3161
718;1.80141
719;1.28672
720;4.10393
721;1.80141
722;2.05876
723;2.83079
724;14.154
725;2.50796
726;3.34548
727;2.96395
728;6.1559
729;1.28672
730;7.29588
731;5.14689
732;2.05876
733;1.54407
734;12.9958
735;3.08814
736;6.83671
737;2.57345
738;5.9279
739;3.86017
740;1.02938
741;1.82397
742;1.24304
743;2.3161
744;7.29588
745;1.28672
746;31.2355
747;1.28672
748;27.5359
749;2.3161
750;1.54407
751;1.36798
752;2.05876
753;3.60283
754;16.6437
755;1.80141
756;2.50796
757;2.83079
758;1.54407
759;18.4677
760;2.83079
761;1.28672
762;2.3161
763;7.20565
764;3.87593
765;0.772034
766;2.83079
767;2.83079
768;8.70127
769;3.60283
770;6.17627
771;0.772034
772;4.37486
773;3.19195
774;18.8527
775;9.36005
776;7.06788
777;1.54407
778;1.59597
779;29.8329
780;1.28672
781;11.3998
782;4.37486
783;14.3638
784;1.82397
785;3.34548
786;1.28672
787;26.6755
788;0.772034
789;1.28672
790;2.3161
791;1.82397
792;7.20565
793;1.02938
794;1.80141
795;4.6322
796;0.772034
797;3.08814
798;76.2397
799;39.6713
800;53.865
801;7.06788
802;15.0477
803;1.54407
804;8.89185
805;5.40424
806;2.96395
807;7.06788
808;1.28672
809;1.02938
810;6.94831
811;0.772034
812;6.1559
813;23.9396
814;7.97769
815;3.86017
816;14.926
817;1.28672
818;3.86017
819;3.60283
820;1.28672
821;2.3161
822;15.698
823;18.4677
824;11.3232
825;17.0997
826;17.0997
827;6.94831
828;11.8558
829;1.80141
830;5.40424
831;1.13998
832;13.4518
833;1.80141
834;5.01591
835;33.7434
836;1.28672
837;36.0481
838;34.5979
839;1.02938
840;0.514689
841;1.03587
842;13.8966
843;6.94831
844;3.41994
845;8.66385
846;2.05197
847;3.93629
848;8.23503
849;10.0318
850;3.41994
851;2.3161
852;16.1877
853;7.20565
854;2.57345
855;1.54407
856;17.5557
857;0.772034
858;1.80141
859;2.05196
860;1.82397
861;2.05197
862;2.83079
863;7.06788
864;4.97215
865;1.80141
866;1.02938
867;3.86017
868;25.0679
869;0.772034
870;5.14689
871;1.54407
872;3.34548
873;15.7317
874;4.33193
875;1.36798
876;0.772034
877;2.96395
878;34.5979
879;14.8197
880;11.6278
881;18.6957
882;15.5037
883;0.514689
884;0.772034
885;5.9279
886;2.57345
887;1.80141
888;8.89185
889;1.54407
890;1.82397
891;0.772034
892;1.13998
893;5.14689
894;13.6798
895;4.55781
896;1.91021
897;13.2238
898;42.0247
899;12.3118
900;1.80141
901;7.29588
902;10.7158
903;12.016
904;0.514689
905;0.772034
906;58.6436
907;6.83671
908;1.28672
909;3.64794
910;22.3436
911;6.43362
912;3.86017
913;3.41994
914;4.10393
915;2.57345
916;1.54407
917;4.37486
918;1.80141
919;1.80141
920;0.514689
921;3.19195
922;4.37486
923;4.35063
924;1.28672
925;7.75187
926;0.772034
927;2.83079
928;0.514689
929;0.514689
930;0.772034
931;0.772034
932;0.772034
933;3.41994
934;4.11752
935;30.0401
936;4.55992
937;2.83079
938;11.3232
939;3.64794
940;11.3998
941;0.772034
942;0.772034
943;0.772034
944;19.5582
945;2.3161
946;0.514689
947;0.772034
948;2.73595
949;5.40424
950;0.514689
951;2.05876
952;2.3161
953;7.97986
954;4.11752
955;4.55992
956;5.17933
957;15.698
958;0.514689
959;2.57345
960;8.49237
961;9.57584
962;4.88955
963;6.94831
964;11.8558
965;4.88955
966;0.772034
967;37.4402
968;2.05876
969;3.41994
970;14.8997
971;1.28672
972;1.36798
973;2.05197
974;8.66385
975;3.34548
976;7.75187
977;1.28672
978;17.3277
979;0.772034
980;4.37486
981;1.54407
982;18.4384
983;1.54407
984;3.08814
985;1.36798
986;5.47191
987;1.02938
988;2.05876
989;1.54407
990;0.772034
991;17.0997
992;0.772034
993;1.02938
994;13.8966
995;0.772034
996;2.57345
997;1.02938
998;1.59597
999;0.772034
1000;5.9279
1001;1.02938
1002;7.463
1003;7.97986
1004;0.772034
1005;0.772034
1006;1.80141
1007;0.772034
1008;5.24391
1009;2.05876
1010;18.2397
1011;1.80141
1012;7.463
1013;1.82397
1014;18.0117
1015;2.27996
1016;64.8452
1017;3.08814
1018;3.60283
1019;8.49237
1020;0.772034
1021;1.28672
1022;1.02938
1023;1.02938
1024;2.3161
1025;15.0477
1026;1.28672
1027;0.772034
1028;1.59597
1029;3.86017
1030;1.02938
1031;0.514689
1032;1.54407
1033;14.8197
1034;40.6059
1035;18.338
1036;10.0318
1037;0.772034
1038;3.86017
1039;0.911985
1040;8.20786
1041;1.28672
1042;1.02938
1043;2.50796
1044;2.3161
1045;3.08814
1046;29.0042
1047;7.06788
1048;9.7791
1049;3.62941
1050;19.3797
1051;85.2705
1052;0.772034
1053;0.772034
1054;22.6463
1055;3.34548
1056;1.28672
1057;5.47191
1058;5.80084
1059;2.96395
1060;5.14689
1061;1.28672
1062;3.86017
1063;7.29588
1064;1.54407
1065;85.7696
1066;13.3819
1067;1.80141
1068;6.94831
1069;6.61189
1070;2.50796
1071;4.78792
1072;1.28672
1073;4.78792
1074;0.772034
1075;2.57345
1076;14.1358
1077;11.3945
1078;2.3161
1079;3.87593
1080;2.3161
1081;0.772034
1082;3.60283
1083;3.41994
1084;6.61189
1085;5.01591
1086;13.1246
1087;0.772034
1088;1.80141
1089;1.28672
1090;2.57345
1091;0.772034
1092;1.33333
1093;0.772034
1094;6.69096
1095;1.02938
1096;7.06788
1097;30.5515
1098;14.8197
1099;4.6322
1100;70.0245
1101;6.94831
1102;2.27996
1103;8.43586
1104;14.2949
1105;9.11985
1106;3.08814
1107;12.6376
1108;4.55992
1109;9.26441
1110;0.772034
1111;2.05197
1112;3.64794
1113;0.772034
1114;5.14689
1115;1.28672
1116;0.514689
1117;7.20565
1118;1.02938
1119;1.54407
1120;43.7135
1121;0.772034
1122;5.66158
1123;2.73595
1124;24.4464
1125;32.1475
1126;27.1315
1127;0.514689
1128;3.34548
1129;1.80141
1130;10.8085
1131;5.01591
1132;1.54407
1133;3.86017
1134;1.02938
1135;1.54407
1136;2.69325
1137;9.9443
1138;14.8197
1139;1.36798
1140;3.19195
1141;17.1954
1142;6.1559
1143;3.86017
1144;13.3819
1145;3.08814
1146;0.514689
1147;4.37486
1148;4.88955
1149;9.7791
1150;1.80141
1151;1.82397
1152;0.772034
1153;1.28672
1154;22.7996
1155;4.55992
1156;0.772034
1157;3.60283
1158;27.5875
1159;1.28672
1160;7.06788
1161;1.28672
1162;7.463
1163;3.86017
1164;14.5918
1165;1.80141
1166;0.772034
1167;2.3161
1168;1.54407
1169;3.34548
1170;11.8558
1171;10.0364
1172;0.772034
1173;22.9962
1174;49.0192
1175;0.772034
1176;33.2874
1177;2.05876
1178;0.683988
1179;0.257345
1180;0.683988
1181;44.778
1182;1.82397
1183;23.7116
1184;3.64794
1185;3.64794
1186;3.87593
1187;6.69096
1188;5.91893
1189;2.3161
1190;1.28672
1191;33.7434
1192;8.49237
1193;6.61189
1194;0.772034
1195;2.57345
1196;5.91893
1197;7.52387
1198;4.33193
1199;0.514689
1200;3.60283
1201;3.19195
1202;1.36798
1203;12.9958
1204;6.94831
1205;9.52175
1206;1.28672
1207;0.772034
1208;2.73595
1209;3.34548
1210;1.28672
1211;1.80141
1212;0.772034
1213;13.2238
1214;36.4794
1215;6.17627
1216;1.02938
1217;2.27996
1218;1.54407
1219;6.43362
1220;3.64794
1221;1.28672
1222;3.86017
1223;0.772034
1224;0.514689
1225;2.3161
1226;6.1559
1227;1.82397
1228;5.40424
1229;0.911985
1230;4.37486
1231;4.78792
1232;2.83079
1233;12.5398
1234;0.911985
1235;6.94831
1236;3.34548
1237;1.80141
1238;34.3907
1239;1.28672
1240;1.28672
1241;7.52387
1242;1.28672
1243;1.36798
1244;1.54407
1245;3.60283
1246;2.27996
1247;5.91893
1248;0.514689
1249;1.02938
1250;20.9756
1251;1.02938
1252;0.772034
1253;1.02938
1254;7.20565
1255;0.772034
1256;3.60283
1257;1.02938
1258;3.86017
1259;0.772034
1260;2.57345
1261;1.02938
1262;0.514689
1263;2.50796
1264;6.1559
1265;2.83079
1266;0.514689
1267;2.05197
1268;3.34548
1269;1.02938
1270;22.7996
1271;1.80141
1272;6.43362
1273;0.772034
1274;5.6999
1275;56.9726
1276;4.33193
1277;3.34548
1278;1.28672
1279;2.83079
1280;23.2556
1281;3.60283
1282;1.80141
1283;15.9597
1284;1.02938
1285;3.34548
1286;12.4304
1287;13.0519
1288;2.96395
1289;51.2991
1290;3.34548
1291;5.24391
1292;2.50796
1293;2.83079
1294;5.14689
1295;3.41994
1296;0.772034
1297;37.3914
1298;12.3118
1299;8.74972
1300;3.08814
1301;2.05196
1302;91.5705
1303;6.1559
1304;12.016
1305;13.6393
1306;0.911985
1307;25.5356
1308;2.57345
1309;10.3587
1310;1.82397
1311;3.08814
1312;2.07173
1313;13.4518
1314;2.83079
1315;0.772034
1316;3.60283
1317;24.4464
1318;10.0318
1319;1.54407
1320;47.857
1321;0.514689
1322;5.80084
1323;8.28692
1324;1.80141
1325;11.0658
1326;31.9195
1327;3.41994
1328;6.17627
1329;1.28672
1330;1.80141
1331;1.36798
1332;0.514689
1333;4.55992
1334;2.83079
1335;1.80141
1336;5.47191
1337;3.87593
1338;19.1517
1339;17.3277
1340;2.3161
1341;35.2194
1342;1.02938
1343;0.772034
1344;34.8834
1345;3.86017
1346;1.80141
1347;5.3865
1348;2.3161
1349;21.9603
1350;4.78792
1351;2.50796
1352;7.29588
1353;2.83079
1354;1.02938
1355;2.83079
1356;5.40424
1357;5.14689
1358;0.772034
1359;48.4785
1360;1.28672
1361;4.37486
1362;20.3302
1363;1.28672
1364;1.59597
1365;123.889
1366;1.80141
1367;6.1559
1368;9.74209
1369;1.28672
1370;5.24391
1371;1.02938
1372;2.48328
1373;15.2757
1374;88.6905
1375;44.335
1376;1.02938
1377;1.80141
1378;2.83079
1379;2.27996
1380;1.59597
1381;2.48608
1382;2.96395
1383;50.343
1384;11.5805
1385;105.106
1386;3.93629
1387;8.23503
1388;10.2598
1389;11.5805
1390;10.5658
1391;2.3161
1392;3.08814
1393;1.59597
1394;30.3235
1395;1.28672
1396;0.514689
1397;6.94831
1398;6.21519
1399;3.08814
1400;1.28672
1401;1.54407
1402;0.772034
1403;0.772034
1404;5.6999
1405;3.41994
1406;1.28672
1407;62.1519
1408;0.772034
1409;7.75187
1410;1.02938
1411;0.772034
1412;0.772034
1413;4.88955
1414;1.28672
1415;7.72034
1416;5.14689
1417;0.772034
1418;3.86017
1419;5.14689
1420;75.8253
1421;1.36798
1422;1.02938
1423;5.24391
1424;5.47191
1425;2.57345
1426;35.7954
1427;3.86017
1428;10.773
1429;0.455992
1430;1.02938
1431;9.11985
1432;0.257345
1433;2.83079
1434;13.0519
1435;5.91893
1436;5.91893
1437;0.772034
1438;0.772034
1439;2.57345
1440;2.3161
1441;8.49237
1442;1.02938
1443;20.0637
1444;0.772034
1445;1.80141
1446;1.28672
1448;19.6814
1449;3.41994
1450;1.28672
1451;2.96395
1452;46.7392
1453;0.772034
1454;11.3998
1455;4.88955
1456;6.00802
1457;2.3161
1458;4.88955
1459;7.87257
1460;4.33193
1461;2.83079
1462;4.33193
1463;6.42236
1464;2.27996
1465;3.08814
1466;32.8314
1467;3.86017
1468;1.36798
1469;0.772034
1470;0.772034
1471;2.05196
1472;1.82397
1473;5.6999
1474;3.87593
1475;59.279
1476;2.96395
1477;1.28672
1478;5.47191
1479;4.37486
1480;7.463
1481;1.80141
1482;2.83079
1483;33.7692
1484;12.7678
1485;2.83079
1486;4.11752
1487;13.4518
1488;4.6322
1489;0.772034
1490;1.02938
1491;1.02938
1492;0.772034
1493;2.05197
1494;5.91893
1495;9.34784
1496;6.83988
1497;2.3161
1498;0.772034
1499;16.8717
1500;2.3161
1501;9.00706
1502;22.5716
1503;1.59597
1504;35.7709
1505;8.66385
1506;0.514689
1507;5.47191
1508;1.54407
1509;0.772034
1510;16.4157
1511;5.14689
1512;26.9325
1513;1.28672
1514;3.41994
1515;0.772034
1516;2.05876
1517;15.1833
1518;1.02938
1519;18.7862
1520;1.02938
1521;1.80141
1522;1.02938
1523;1.82397
1524;11.8379
1525;9.11985
1526;14.2949
1527;2.73595
1528;72.5028
1529;1.13998
1530;2.27996
1531;1.80141
1532;0.772034
1533;0.772034
1534;28.7275
1535;1.28672
1536;103.738
1537;2.96395
1538;7.75187
1539;29.4115
1540;2.2789
1541;98.563
1542;1.82397
1543;25.0679
1544;19.8155
1545;3.08814
1546;13.6798
1547;2.27996
1548;12.4304
1549;1.02938
1550;13.8966
1551;8.89185
1552;36.0234
1553;1.54407
1554;2.83079
1555;1.28672
1556;13.4518
1557;1.28672
1558;3.64794
1559;2.05876
1560;69.6101
1561;5.9279
1562;3.08814
1563;8.20786
1564;24.6536
1565;3.41994
1566;4.11752
1567;35.8409
1568;6.61189
1569;3.86017
1570;0.514689
1571;3.34548
1572;7.52387
1573;4.55992
1574;4.35063
1575;0.772034
1576;19.8357
1577;2.50796
1578;1.02938
1579;0.514689
1580;4.6322
1581;4.55992
1582;1.02938
1583;6.83988
1584;1.02938
1585;2.57345
1586;5.53962
1587;41.4346
1588;2.73595
1589;5.9279
1590;3.19195
1591;1.02938
1592;24.1904
1593;1.02938
1594;13.5625
1595;2.57345
1596;4.76498
1597;1.02938
1598;8.74972
1599;5.01591
1600;0.772034
1601;0.911985
1602;13.3819
1603;0.772034
1604;4.11752
1605;5.01591
1606;4.11752
1607;17.2421
1608;7.72034
1609;4.55992
1610;11.1718
1611;7.25106
1612;6.69096
1613;18.2397
1614;2.73595
1615;5.9279
1616;31.6915
1617;8.74972
1618;8.66385
1619;11.6278
1620;1.02938
1621;1.82397
1622;0.772034
1623;1.54407
1624;32.3755
1625;2.57345
1626;31.1387
1627;4.11752
1628;1.02938
1629;25.5356
1630;5.6999
1631;1.54407
1632;1.28672
1633;0.772034
1634;3.08814
1635;4.55992
1636;1.80141
1637;2.3161
1638;2.3161
1639;3.86017
1640;5.40424
1641;0.772034
1642;0.772034
1643;2.05196
1644;3.87593
1645;1.59597
1646;1.80141
1647;7.463
1648;4.37486
1649;3.31477
1650;4.78792
1651;0.772034
1652;3.19195
1653;2.27996
1654;11.8558
1655;1.02938
1656;8.20786
1657;1.82397
1658;1.36798
1659;1.28672
1660;1.54407
1661;33.7692
1662;13.2238
1663;12.0838
1664;3.86017
1665;23.2034
1666;2.2789
1667;4.55992
1668;11.1718
1669;1.02938
1670;1.80141
1671;2.3161
1672;1.13998
1673;4.55992
1674;2.83079
1675;1.02938
1676;0.257345
1677;1.82397
1678;1.28672
1679;1.28672
1680;9.00706
1681;1.28672
1682;0.514689
1683;1.28672
1684;2.3161
1685;66.1189
1686;2.3161
1687;5.14689
1688;9.52175
1689;10.4878
1690;6.17627
1691;25.0796
1692;1.80141
1693;2.50796
1694;11.8558
1695;3.60283
1696;36.8768
1697;2.57345
1698;1.28672
1699;0.772034
1700;4.37486
1701;3.34548
1702;6.43362
1703;6.83988
1704;6.83671
1705;17.0997
1706;1.80141
1707;3.08814
1708;1.80141
1709;1.80141
1710;2.05876
1711;0.772034
1712;1.82397
1713;2.27996
1714;1.54407
1715;0.772034
1716;13.9078
1717;33.4287
1718;18.4677
1719;6.43362
1720;2.83079
1721;8.90844
1722;0.772034
1723;4.11752
1724;4.10393
1725;1.59597
1726;2.96395
1727;19.6077
1728;1.59597
1729;5.47191
1730;3.34548
1731;4.55992
1732;2.3161
1733;4.55992
1734;1.28672
1735;27.1397
1736;2.73595
1737;1.28672
1738;3.86017
1739;2.05876
1740;3.60283
1741;4.10393
1742;33.9714
1743;2.05876
1744;7.97769
1745;1.54407
1746;1.02938
1747;14.3638
1748;30.5515
1749;1.02938
1750;1.80141
1751;5.9279
1752;2.96395
1753;1.28672
1754;22.9037
1755;7.52387
1756;4.55992
1757;2.27996
1758;4.11752
1759;1.59597
1760;1.28672
1761;6.17627
1762;1.28672
1763;6.17627
1764;1.28672
1765;2.05876
1766;20.2917
1767;4.11752
1768;16.4701
1769;8.66385
1770;2.50796
1771;2.3161
1772;0.772034
1773;10.0318
1774;4.6322
1775;6.38389
1776;7.97769
1777;22.6463
1778;2.05876
1779;2.83079
1780;0.683988
1781;5.01591
1782;0.772034
1783;4.33193
1784;23.4184
1785;7.06788
1786;1.02938
1787;2.05197
1788;10.7158
1789;9.78034
1790;38.6017
1791;9.52175
1792;5.40424
1793;10.2938
1794;4.88955
1795;1.5
1796;6.38389
1797;7.97986
1798;0.772034
1799;3.60283
1800;1.28672
1801;7.45823
1802;2.83079
1803;4.37486
1804;4.10393
1805;8.23503
1806;1.82397
1807;2.3161
1808;4.33193
1809;0.772034
1810;2.3161
1811;7.87257
1812;10.0364
1813;4.37486
1814;0.514689
1815;25.3076
1816;5.24391
1817;1.28672
1818;8.43586
1819;0.514689
1820;0.772034
1821;2.50796
1822;2.3161
1823;4.6322
1824;1.28672
1825;10.9438
1826;3.86017
1827;2.48608
1828;6.61189
1829;0.772034
1830;1.80141
1831;3.08814
1832;8.89185
1833;23.8249
1834;4.35063
1835;31.0075
1836;6.61189
1837;0.911985
1838;4.55781
1839;3.34548
1840;3.08814
1841;38.0132
1842;2.05196
1843;15.9554
1844;18.4677
1845;1.02938
1846;1.28672
1847;3.60283
1848;1.02938
1849;4.6322
1850;9.11985
1851;0.514689
1852;0.772034
1853;2.57345
1854;10.2938
1855;1.28672
1856;8.74972
1857;3.41994
1858;10.9438
1859;25.5356
1860;1.59597
1861;0.772034
1862;1.02938
1863;9.11985
1864;20.7476
1865;7.97769
1866;9.34784
1867;0.772034
1868;12.0838
1869;4.88955
1870;22.7996
1871;1.02938
1872;0.514689
1873;18.4384
1874;0.772034
1875;2.83079
1876;14.3638
1877;9.26441
1878;1.59597
1879;0.772034
1880;1.28672
1881;3.86017
1882;1.54407
1883;1.02938
1884;6.61189
1885;2.50796
1886;1.28672
1887;3.64794
1888;13.8806
1889;1.28672
1890;3.64794
1891;0.772034
1892;1.28672
1893;11.8558
1894;1.13998
1895;3.08814
1896;4.10393
1897;19.1517
1898;14.5918
1899;2.50796
1900;31.0075
1901;2.05197
1902;3.41994
1903;2.83079
1904;7.97986
1905;83.4466
1906;3.08814
1907;14.6686
1908;1.28672
1909;0.514689
1910;21.617
1911;4.37486
1912;1.02938
1913;1.02938
1914;1.28672
1915;12.0838
1916;15.4407
1917;19.6077
1918;2.05876
1919;1.80141
1920;0.772034
1921;14.5021
1922;0.514689
1923;16.5738
1924;3.08814
1925;3.08814
1926;1.28672
1927;3.60283
1928;7.20565
1929;15.9597
1930;3.86017
1931;1.02938
1932;3.34548
1933;0.772034
1934;32.7333
1935;3.19195
1936;6.17627
1937;1.28672
1938;2.83079
1939;7.52387
1940;2.57345
1941;4.6322
1942;3.34548
1943;13.6393
1944;2.73595
1945;1.28672
1946;0.772034
1947;3.87593
1948;0.772034
1949;6.17627
1950;5.14689
1951;1.28672
1952;1.02938
1953;6.83988
1954;29.4115
1955;3.1076
1956;5.80084
1957;7.25106
1958;1.80141
1959;30.4544
1960;3.86017
1961;1.02938
1962;1.59597
1963;3.34548
1964;2.96395
1965;2.57345
1966;8.89185
1967;0.772034
1968;8.07975
1969;2.83079
1970;2.96395
1971;1.54407
1972;1.28672
1973;3.08814
1974;5.24391
1975;0.514689
1976;79.1147
1977;375.51
1978;5.40424
1979;2.83079
1980;5.91893
1981;0.514689
1982;1.36798
1983;1.80141
1984;5.91893
1985;0.772034
1986;2.96395
1987;4.10393
1988;0.772034
1989;2.05197
1990;20.0637
1991;4.78792
1992;15.9554
1993;1.80141
1994;3.19195
1995;0.772034
1996;3.08814
1997;0.772034
1998;10.773
1999;0.514689
2000;2.3161
2001;3.60283
2002;0.772034
2003;4.11752
2004;0.911985
2005;1.54407
2006;3.08814
2007;2.3161
2008;3.64794
2009;5.01591
2010;2.07173
2011;1.13998
2012;2.27996
2013;5.59367
2014;10.6972
2015;0.772034
2016;6.83988
2017;7.97986
2018;8.23503
2019;0.772034
2020;68.8548
2021;27.5875
2022;2.3161
2023;0.683988
2024;14.4113
2025;12.0838
2026;7.52387
2027;15.9597
2028;5.14689
2029;2.57345
2030;10.1515
2031;2.96395
2032;5.66158
2033;4.37486
2034;2.3161
2035;0.772034
2036;1.59597
2037;5.40424
2038;1.59597
2039;5.47191
2040;17.4994
2041;6.17627
2042;51.9836
2043;1.80141
2044;6.42236
2045;10.2598
2046;3.72911
2047;9.11561
2048;3.60283
2049;1.36798
2050;5.14689
2051;0.772034
2052;41.6418
2053;5.66158
2054;3.87593
2055;13.9078
2056;0.772034
2057;2.05197
2058;1.28672
2059;1.02938
2060;6.17627
2061;0.772034
2062;2.3161
2063;4.55992
2064;1.54407
2065;3.19195
2066;0.772034
2067;0.772034
2068;20.9756
2069;0.772034
2070;1.80141
2071;1.28672
2072;7.04388
2073;5.9279
2074;8.66385
2075;2.57345
2076;11.3232
2077;2.07173
2078;8.66385
2079;2.05876
2080;7.20565
2081;8.20786
2082;9.73713
2083;25.0796
2084;1.02938
2085;3.60283
2086;1.28672
2087;2.50796
2088;2.05876
2089;1.54407
2090;7.52387
2091;0.514689
2092;10.8085
2093;26.7253
2094;5.9279
2095;10.1515
2096;7.06788
2097;1.80141
2098;6.38389
2099;3.64794
2100;0.772034
2101;4.37486
2102;2.83079
2103;6.17627
2104;10.3152
2105;1.02938
2106;11.3945
2107;0.772034
2108;24.8608
2109;1.28672
2110;10.9438
2111;1.02938
2112;5.40424
2113;2.57345
2114;3.64794
2115;5.47191
2116;7.75187
2117;6.69096
2118;1.02938
2119;1.28672
2120;7.29588
2121;0.772034
2122;3.08814
2123;0.514689
2124;0.772034
2125;2.50796
2126;1.80141
2127;1.28672
2128;3.34548
2129;3.60283
2130;25.0796
2131;1.28672
2132;8.49237
2133;2.73595
2134;10.2598
2135;0.514689
2136;2.3161
2137;3.60283
2138;1.02938
2139;4.76498
2140;18.338
2141;4.78792
2142;2.07173
2143;3.60283
2144;19.3797
2145;6.1559
2146;1.28672
2147;2.57345
2148;2.27996
2149;3.34548
2150;1.02938
2151;0.514689
2152;2.57345
2153;0.772034
2154;4.10393
2155;1.02938
2156;3.60283
2157;6.38389
2158;10.0318
2159;2.05196
2160;2.05876
2161;1.59597
2162;6.17627
2163;3.64794
2164;0.911985
2165;0.772034
2166;0.772034
2167;30.3235
2168;7.52387
2169;3.86017
2170;1.82397
2171;6.69096
2172;21.6596
2173;3.64794
2174;1.28672
2175;5.9279
2176;6.61189
2177;51.2991
2178;8.23503
2179;11.1718
2180;1.02938
2181;0.514689
2182;2.05197
2183;6.1559
2184;0.772034
2185;0.514689
2186;2.3161
2187;2.05876
2188;26.4475
2189;1.80141
2190;17.4994
2191;5.6999
2192;2.96395
2193;0.911985
2194;1.80141
2195;2.83079
2196;4.33193
2197;0.772034
2198;9.52996
2199;2.73595
2200;1.54407
2201;3.60283
2202;1.02938
2203;1.54407
2204;15.5037
2205;6.38389
2206;2.27996
2207;3.60283
2208;1.82397
2209;1.80141
2210;1.28672
2211;2.96395
2212;5.14689
2213;0.772034
2214;2.57345
2215;2.50796
2216;1.28672
2217;1.28672
2218;0.911985
2219;1.02938
2220;3.34548
2221;1.28672
2222;0.772034
2223;7.29588
2224;4.10393
2225;0.772034
2226;0.772034
2227;3.08814
2228;21.7532
2229;3.60283
2230;6.61189
2231;7.97986
2232;3.64794
2233;4.33193
2234;4.37486
2235;1.28672
2236;28.9555
2237;1.82397
2238;1.02938
2239;2.50796
2240;0.772034
2241;3.60283
2242;0.911985
2243;0.772034
2244;1.80141
2245;10.1515
2246;0.772034
2247;5.01591
2248;2.27996
2249;35.1114
2250;1.82397
2251;5.24391
2252;2.50796
2253;1.13998
2254;10.2938
2255;13.0519
2256;1.54407
2257;2.57345
2258;14.5918
2259;18.0141
2260;8.28692
2261;1.28672
2262;5.9279
2263;0.772034
2264;4.88955
2265;0.772034
2266;27.5875
2267;6.43362
2268;2.3161
2269;1.28672
2270;18.2397
2271;6.1559
2272;1.02938
2273;5.24391
2274;2.05876
2275;1.28672
2276;3.34548
2277;1.28672
2278;12.8672
2279;1.13998
2280;2.05876
2281;0.772034
2282;1.80141
2283;12.3525
2284;4.6322
2285;4.11752
2286;4.78792
2287;7.29588
2288;0.772034
2289;3.86017
2290;4.33193
2291;2.05876
2292;0.772034
2293;12.3118
2294;2.3161
2295;0.772034
2296;3.64794
2297;6.94831
2298;6.61189
2299;7.29588
2300;8.23503
2301;14.6686
2302;5.80084
2303;1.28672
2304;0.772034
2305;0.772034
2306;5.6999
2307;1.54407
2308;4.37486
2309;1.02938
2310;1.13998
2311;0.772034
2312;2.57345
2313;22.9037
2314;10.0364
2315;27.5875
2316;1.80141
2317;37.1634
2318;0.772034
2319;7.97986
2320;3.72911
2321;1.28672
2322;1.80141
2323;2.05876
2324;0.772034
2325;3.41994
2326;1.80141
2327;1.28672
2328;2.05876
2329;1.54407
2330;5.24391
2331;0.772034
2332;1.02938
2333;2.57345
2334;0.772034
2335;0.772034
2336;2.73595
2337;4.88955
2338;0.514689
2339;7.463
2340;1.02938
2341;15.6637
2342;0.772034
2343;6.61189
2344;43.092
2345;18.2312
2346;8.66385
2347;2.83079
2348;36.2514
2349;2.57345
2350;0.772034
2351;10.0364
2352;12.3118
2353;4.33193
2354;5.24391
2355;3.64794
2356;3.34548
2357;12.5398
2358;1.36798
2359;3.72911
2360;0.772034
2361;1.28672
2362;50.8431
2363;3.19195
2364;4.37486
2365;1.80141
2366;3.60283
2367;8.49409
2368;7.97986
2369;0.772034
2370;0.514689
2371;3.87593
2372;1.02938
2373;9.73713
2374;1.54407
2375;7.06788
2376;3.64794
2377;0.772034
2378;1.28672
2379;4.88955
2380;63.3949
2381;77.7467
2382;8.23503
2383;2.73595
2384;7.463
2385;1.28672
2386;1.02938
2387;4.6322
2388;36.2553
2389;49.1
2390;1.59597
2391;14.5021
2392;1.54407
2393;2.83079
2394;27.7612
2395;4.11752
2396;0.772034
2397;0.772034
2398;2.96395
2399;1.13998
2400;4.37486
2401;1.02938
2402;4.78792
2403;2.73595
2404;3.08814
2405;10.9438
2406;1.54407
2407;1.82397
2408;1.28672
2409;0.772034
2410;2.05196
2411;3.19195
2412;0.772034
2413;51.7551
2414;120.343
2415;3.34548
2416;1.28672
2417;1.54407
2418;0.772034
2419;0.514689
2420;1.28672
2421;4.10393
2422;1.02938
2423;2.05196
2424;2.57345
2425;16.4157
2426;4.37486
2427;36.6696
2428;2.3161
2429;2.83079
2430;12.9958
2431;3.64794
2432;1.80141
2433;32.319
2434;2.3161
2435;1.02938
2436;1.54407
2437;1.28672
2438;0.772034
2439;2.73595
2440;4.88955
2441;16.4157
2442;1.28672
2443;18.6456
2444;5.24391
2445;1.28672
2446;1.28672
2447;32.9401
2448;0.772034
2449;0.514689
2450;1.82397
2451;2.50796
2452;1.80141
2453;0.911985
2454;3.87593
2455;2.05876
2456;1.28672
2457;4.10393
2458;18.4677
2459;3.41994
2460;8.89185
2461;4.37486
2462;2.50796
2463;0.514689
2464;2.3161
2465;1.02938
2466;1.54407
2467;1.80141
2468;0.772034
2469;1.80141
2470;14.8197
2471;13.8806
2472;4.11752
2473;5.66158
2474;0.772034
2475;4.78792
2476;7.97986
2477;8.89185
2478;1.54407
2479;1.59597
2480;2.57345
2481;46.2832
2482;2.96395
2483;10.2598
2484;15.1833
2485;6.38389
2486;1.02938
2487;5.24391
2488;2.83079
2489;3.08814
2490;0.772034
2491;3.86017
2492;0.772034
2493;0.772034
2494;20.7476
2495;5.01592
2496;1.02938
2497;1.28672
2498;0.772034
2499;1.02938
2500;6.43362
2501;1.02938
2502;2.05197
2503;1.80141
2504;4.37486
2505;12.3525
2506;8.23503
2507;2.57345
2508;8.66385
2509;1.28672
2510;1.02938
2511;1.54407
2512;0.772034
2513;0.514689
2514;1.82397
2515;52.2076
2516;2.83079
2517;1.28672
2518;24.0687
2519;0.772034
2520;1.02938
2521;12.0838
2522;0.772034
2523;2.83079
2524;2.73595
2525;7.29588
2526;2.27996
2527;7.52387
2528;4.6322
2529;3.34548
2530;0.772034
2531;1.28672
2532;0.911985
2533;1.59597
2534;3.19195
2535;4.11752
2536;1.28672
2537;2.3161
2538;0.772034
2539;5.40424
2540;1.02938
2541;10.8085
2542;9.52175
2543;0.514689
2544;2.83079
2545;2.50796
2546;0.514689
2547;5.66158
2548;0.772034
2549;1.28672
2550;10.9438
2551;27.9684
2552;6.43362
2553;1.28672
2554;0.514689
2555;12.0952
2556;7.29588
2557;0.772034
2558;1.54407
2559;0.772034
2560;22.1156
2561;8.07975
2562;20.7173
2563;10.8085
2564;0.772034
2565;4.10393
2566;33.7434
2567;2.05876
2568;2.57345
2569;3.34548
2570;3.34548
2571;4.6322
2572;0.514689
2573;1.02938
2574;6.1559
2575;4.78792
2576;7.463
2577;20.9756
2578;14.7093
2579;15.0477
2580;0.772034
2581;1.02938
2582;6.61189
2583;0.772034
2584;4.55992
2585;5.40424
2586;2.05876
2587;5.24391
2588;0.772034
2589;1.02938
2590;10.1515
2591;2.05876
2592;3.08814
2593;2.05196
2594;76.4468
2595;1.80141
2596;56.087
2597;1.02938
2598;30.3667
2599;7.463
2600;1.28672
2601;9.80383
2602;3.86017
2603;1.02938
2604;2.05197
2605;1.02938
2606;0.772034
2607;1.28672
2608;1.28672
2609;0.772034
2610;15.2757
2611;1.13998
2612;6.43362
2613;0.772034
2614;1.02938
2615;12.0838
2616;2.3161
2617;17.3277
2618;0.911985
2619;13.4518
2620;16.1877
2621;2.05876
2622;5.6999
2623;0.772034
2624;6.38389
2625;2.05196
2626;1.13998
2627;93.7915
2628;7.06788
2629;2.05876
2630;11.3998
2631;10.773
2632;4.78792
2633;1.82397
2634;1.28672
2635;4.55992
2636;1.80141
2637;4.78792
2638;18.6957
2639;5.24391
2640;1.80141
2641;9.34784
2642;44.0033
2643;2.05876
2644;1.13998
2645;24.8516
2646;39.8884
2647;25.9916
2648;1.54407
2649;15.538
2650;1.59597
2651;1.54407
2652;34.1928
2653;2.96395
2654;64.7562
2655;26.2492
2656;3.86017
2657;6.94831
2658;51.9831
2659;0.772034
2660;1.80141
2661;5.9279
2662;2.05876
2663;4.37486
2664;10.0318
2665;3.64794
2666;1.54407
2667;2.57345
2668;0.514689
2669;2.73595
2670;1.02938
2671;6.83671
2672;3.19195
2673;7.52387
2674;2.05876
2675;1.28672
2676;5.24391
2677;2.05876
2678;58.63
2679;0.772034
2680;0.772034
2681;4.33193
2682;0.772034
2683;2.83079
2684;1.65738
2685;34.8834
2686;2.57345
2687;6.1559
