10;1.42597
41;0.802747
45;0.475323
46;3.03574
53;0.433677
89;2.13608
95;2.13608
104;4.01373
130;0.53402
133;2.00687
144;0.401373
152;0.37498
154;0.475323
155;0.475323
159;0.475323
171;0.433677
185;0.867353
202;0.475323
230;0.475323
265;0.802747
306;2.13608
307;0.401373
356;0.802747
359;1.06804
397;1.06804
444;4.01373
446;0.37498
491;0.37498
543;1.60549
557;0.53402
567;0.802747
581;1.06804
589;0.802747
598;0.475323
601;0.37498
607;0.53402
614;0.475323
633;1.90129
649;1.06804
670;35.7222
673;0.475323
679;0.802747
685;0.37498
712;1.42597
802;1.06804
817;0.433677
821;0.53402
842;1.30103
857;0.401373
863;1.06804
902;174.625
947;0.401373
955;0.475323
961;0.433677
983;0.53402
1013;0.475323
1101;0.749959
1122;0.867353
1131;0.475323
1143;0.401373
1150;1.30103
1177;1.06804
1190;1.30103
1206;0.401373
1207;0.475323
1208;3.80258
1242;0.53402
1273;0.802747
1274;0.749959
1278;0.37498
1288;0.37498
1310;1.20412
1355;7.47628
1365;0.749959
1400;5.22855
1409;0.475323
1428;0.401373
1450;0.401373
1451;2.24988
1469;0.749959
1523;1.66667
1542;1.20412
1576;0.401373
1577;0.401373
1586;0.401373
1593;1.06804
1625;0.401373
1632;2.37661
1633;2.13608
1634;0.433677
1691;0.433677
1715;0.433677
1724;0.475323
1731;1.42597
1749;1.20412
1794;0.433677
1809;0.802747
1823;0.401373
1839;0.401373
1841;1.20412
1907;1.06804
1922;0.401373
1927;0.867353
1928;0.37498
1932;0.749959
1947;0.401373
1957;0.802747
1974;0.867353
1993;0.950646
2010;0.433677
2011;1.06804
2014;1.06804
2032;6.94226
2037;0.433677
2046;0.401373
2057;0.802747
2092;0.53402
2118;0.53402
2144;0.867353
2160;4.41511
2167;0.53402
2196;2.6701
2206;1.42597
2214;0.37498
2227;15.3742
2228;0.950646
2240;0.475323
2273;0.475323
2275;0.475323
2307;1.90129
2321;1.73471
2322;0.950646
2325;0.802747
2342;0.950646
2361;0.950646
2367;0.475323
2370;0.401373
2399;16.8741
2421;2.00687
2427;0.53402
2459;2.13608
2460;0.475323
2487;2.85194
2499;0.433677
2501;0.352664
2503;3.32726
2511;2.33333
2527;0.475323
2535;0.401373
2541;0.433677
2558;0.401373
2576;0.749959
2581;0.475323
2582;0.53402
2592;0.53402
2633;0.950646
2635;1.73471
2641;0.401373
2651;0.433677
2675;3.73814
2692;0.401373
2693;0.53402
2708;0.53402
2741;2.16838
2746;0.401373
2759;0.401373
2789;0.867353
2793;0.433677
2798;0.950646
2803;0.475323
2814;0.433677
2816;0.401373
2820;0.37498
2845;2.80961
2851;2.16838
2859;0.401373
2916;0.401373
2930;1.60206
2931;1.12494
2933;0.475323
2938;0.401373
2978;0.37498
2980;0.802747
3004;1.42597
3027;0.867353
3068;3.46941
3085;0.475323
3096;0.53402
3105;0.401373
3164;0.433677
3225;0.401373
3256;0.53402
3261;0.37498
3264;0.401373
3265;0.401373
3295;0.802747
3300;3.03574
3304;1.30103
3317;0.401373
3355;1.49992
3378;0.401373
3381;0.475323
3404;0.867353
3411;0.867353
3422;1.60206
3452;1.42597
3456;0.475323
3493;0.475323
3494;0.950646
3517;4.87473
3519;1.06804
3531;2.60206
3540;0.433677
3546;1.06804
3629;0.401373
3675;0.749959
3706;0.37498
3708;0.37498
3725;0.53402
3744;0.433677
